88.51872
88.51789
88.51872
88.51956
88.51739
88.51972
88.51956
88.51739
88.51706
88.51856
88.51989
88.52106
88.52355
88.52455
88.52306
88.52422
88.52355
88.52289
88.52039
88.51922
88.52189
88.52322
88.52089
88.52355
88.52822
88.53256
88.53422
88.53789
88.53905
88.53905
88.54139
88.54072
88.53872
88.53506
88.53606
88.53639
88.53722
88.53839
88.53439
88.53789
88.53755
88.53822
88.53639
88.53872
88.53822
88.53889
88.53572
88.53839
88.53322
88.53772
88.53755
88.53705
88.54005
88.53922
88.54489
88.54656
88.54656
88.54706
88.54805
88.55272
88.54472
88.54522
88.54739
88.55222
88.5499
